每幅图像的标定误差：
第1幅图像的平均误差：0.172397像素
第2幅图像的平均误差：0.098678像素
第3幅图像的平均误差：0.171749像素
第4幅图像的平均误差：0.182982像素
第5幅图像的平均误差：0.195361像素
第6幅图像的平均误差：0.121944像素
第7幅图像的平均误差：0.123354像素
第8幅图像的平均误差：0.212563像素
第9幅图像的平均误差：0.104171像素
第10幅图像的平均误差：0.148071像素
第11幅图像的平均误差：0.201825像素
第12幅图像的平均误差：0.216118像素
第13幅图像的平均误差：0.107577像素
第14幅图像的平均误差：0.127206像素
第15幅图像的平均误差：0.170255像素
第16幅图像的平均误差：0.187897像素
第17幅图像的平均误差：0.212469像素
第18幅图像的平均误差：0.192308像素
第19幅图像的平均误差：0.145145像素
第20幅图像的平均误差：0.237973像素
总体平均误差：0.166502像素

相机内参数矩阵：
[3275.820607739118, 0, 2000.336429726285;
 0, 3278.93337145187, 1477.123575583725;
 0, 0, 1]

畸变系数：
[0.3735331288924458, -3.73326647288203, 0.000214845346420322, 0.0006413584309313432, 10.80003111564548]


第1幅图像的旋转向量：
[1.806765799749095;
 2.462312227877637;
 -0.1981650262108356]
第1幅图像的旋转矩阵：
[-0.3008325664689421, 0.9536117696276435, -0.0111516715941352;
 0.9431217559682558, 0.2957477085075806, -0.1518375656149303;
 -0.1414960083220125, -0.05619506864617794, -0.9883425488608635]

第1幅图像的平移向量：
[-22.79569672000528;
 -23.82430392327726;
 123.7213139936454]

第2幅图像的旋转向量：
[2.350139344793767;
 1.797092511810231;
 0.1886784113941685]
第2幅图像的旋转矩阵：
[0.2627445789145684, 0.9424183702798041, 0.2069127874495995;
 0.964842385001776, -0.2551439059195859, -0.06309325935614415;
 -0.006667709883458606, 0.2162156391921149, -0.9763228661737137]

第2幅图像的平移向量：
[-23.29443285520342;
 -5.010804432688908;
 112.0789616546769]

第3幅图像的旋转向量：
[-1.773165398199458;
 -2.500693584193358;
 -0.4739521361560539]
第3幅图像的旋转矩阵：
[-0.3459597420734319, 0.9273379276018537, 0.14267524275635;
 0.9152329847605837, 0.3000729554052552, 0.2688955281156393;
 0.2065440400271028, 0.2236081158309209, -0.9525434216159534]

第3幅图像的平移向量：
[-20.78829415775055;
 -20.53893696296381;
 97.4391500300859]

第4幅图像的旋转向量：
[-2.312197664976434;
 -1.677465535164722;
 -0.2594456083282898]
第4幅图像的旋转矩阵：
[0.3126045271369475, 0.9497697367072665, -0.01469206753643409;
 0.9009532652246476, -0.2915660622251645, 0.3213603043929935;
 0.3009345834139562, -0.1136955522152086, -0.9468430165090449]

第4幅图像的平移向量：
[-30.04104449672791;
 1.063763996044738;
 107.5508165721703]

第5幅图像的旋转向量：
[-1.888527332245986;
 -2.48900131968552;
 0.2172620062372035]
第5幅图像的旋转矩阵：
[-0.272763675709128, 0.957734165535863, -0.0913523145791582;
 0.9590774005309567, 0.2631862559384021, -0.1044199907867655;
 -0.07596391909602958, -0.1160959209035767, -0.9903288444477029]

第5幅图像的平移向量：
[-25.72518024664852;
 -26.78981841934105;
 89.26733111410597]

第6幅图像的旋转向量：
[2.036314347117475;
 1.596609089293975;
 -0.3366392624952522]
第6幅图像的旋转矩阵：
[0.2720339518261131, 0.9543894977036477, 0.1230374566010175;
 0.8234686720458934, -0.1647247853777126, -0.5429227304518015;
 -0.4978924333757654, 0.2490109069001712, -0.8307205866185774]

第6幅图像的平移向量：
[-25.1620993844242;
 -17.56366954572032;
 91.9050592415618]

第7幅图像的旋转向量：
[1.729572905108025;
 2.193601285194802;
 -0.5318213314168345]
第7幅图像的旋转矩阵：
[-0.2323461261614114, 0.9726250059226216, 0.003984408589263327;
 0.8628095305599461, 0.2080002969348037, -0.4607554562346051;
 -0.4489710365187394, -0.1036169596593829, -0.8875181880041866]

第7幅图像的平移向量：
[-20.21638801182254;
 -25.86775253066362;
 104.8205070947742]

第8幅图像的旋转向量：
[1.359520288978874;
 2.80376693777724;
 -0.004144081103150076]
第8幅图像的旋转矩阵：
[-0.6190127077035983, 0.7850764009989663, 0.02187035198551101;
 0.7850083204537902, 0.6193367860359604, -0.013560320090875;
 -0.02419100080151968, 0.008774397823099174, -0.9996688478806683]

第8幅图像的平移向量：
[-5.079601648324576;
 -26.81056454426735;
 112.1047023445974]

第9幅图像的旋转向量：
[2.309146701292929;
 1.345746332672834;
 0.2148350190419253]
第9幅图像的旋转矩阵：
[0.5102364460940567, 0.7839014178672539, 0.3537758275278514;
 0.8550855078623221, -0.4183284110315, -0.3063170167778723;
 -0.09212786397796133, 0.458802689169941, -0.8837491437559013]

第9幅图像的平移向量：
[-16.37590052044142;
 -13.96954324686032;
 91.67156464487348]

第10幅图像的旋转向量：
[1.824667869572073;
 2.364342240793881;
 0.02760189693253988]
第10幅图像的旋转矩阵：
[-0.2460141316754775, 0.9600475027071741, 0.13336356159641;
 0.9628992646488063, 0.2578185128105769, -0.07971587414643702;
 -0.1109146210143144, 0.1088044438332416, -0.9878560319436178]

第10幅图像的平移向量：
[-12.65525215182848;
 -17.40427957661133;
 108.9988963470189]

第11幅图像的旋转向量：
[2.315810350686051;
 1.206897735385914;
 0.08416598092858481]
第11幅图像的旋转矩阵：
[0.600471208497806, 0.7466589888050931, 0.2862423487217445;
 0.7791620711160737, -0.465815821388082, -0.4194306706461238;
 -0.1798354656326035, 0.4748852229550869, -0.8614773533411092]

第11幅图像的平移向量：
[-22.12078863942246;
 -7.630154144396621;
 83.86061763150232]

第12幅图像的旋转向量：
[2.299801426556056;
 1.438110486534355;
 -0.3046415355285874]
第12幅图像的旋转矩阵：
[0.4441635555434692, 0.8954150929224144, 0.0308309470131379;
 0.8060036908568898, -0.3843110953406289, -0.4501811105801275;
 -0.3912502859450128, 0.2248038997989796, -0.8924048522857303]

第12幅图像的平移向量：
[-25.79571573414659;
 -9.673549301118292;
 87.54091468271849]

第13幅图像的旋转向量：
[-2.05670498431344;
 -2.144468375109443;
 -0.2453019330008806]
第13幅图像的旋转矩阵：
[-0.04154121907975816, 0.9991349516024809, -0.001917186395703319;
 0.9728930167346795, 0.04088690664330596, 0.2276124751722457;
 0.2274939671865215, 0.007590082440257773, -0.9737499091359588]

第13幅图像的平移向量：
[-23.61194814370682;
 -3.628257517254606;
 102.2264469997601]

第14幅图像的旋转向量：
[2.438928636080226;
 1.840115852913584;
 0.3787425626295878]
第14幅图像的旋转矩阵：
[0.2559546427116409, 0.9383500099425, 0.2323499079304047;
 0.9538362784220276, -0.284211675348304, 0.09705708403680351;
 0.1571100723708491, 0.1967815602047641, -0.967777579159078]

第14幅图像的平移向量：
[-16.9849283328373;
 -5.577071958073739;
 87.55451074706919]

第15幅图像的旋转向量：
[0.1401464840468304;
 2.913639057502512;
 -0.8337624409174998]
第15幅图像的旋转矩阵：
[-0.9899431594185791, 0.1180315839887725, 0.07798132020851463;
 0.05891221936396074, 0.845128158431939, -0.5313075815712138;
 -0.1286152849780076, -0.5213702532812365, -0.8435823418395415]

第15幅图像的平移向量：
[10.14868186616451;
 -29.05361231403134;
 104.7567044686156]

第16幅图像的旋转向量：
[-1.862549287217914;
 -2.130801433624861;
 -0.1043276789902287]
第16幅图像的旋转矩阵：
[-0.1079450932064069, 0.9773701793017922, -0.1819213826471282;
 0.9549236266038688, 0.1528341806617357, 0.2544849319216587;
 0.2765297890035998, -0.1462506267782762, -0.9498115760299967]

第16幅图像的平移向量：
[-36.40200089435805;
 -12.29108855273314;
 90.890978337485]

第17幅图像的旋转向量：
[2.31175264386687;
 1.63270315218767;
 -0.2387757483772885]
第17幅图像的旋转矩阵：
[0.3401749324900674, 0.9396396468745799, 0.03685579095330241;
 0.8897333964656503, -0.3089259615328356, -0.3360643294143418;
 -0.3043936571597324, 0.1471124886351531, -0.9411176425763652]

第17幅图像的平移向量：
[-25.79186528838962;
 -8.940011843190209;
 85.0223656281584]

第18幅图像的旋转向量：
[-1.497157258625044;
 -2.635848233620515;
 0.6477389696818274]
第18幅图像的旋转矩阵：
[-0.5327802707288977, 0.812303769554341, -0.2372925811942939;
 0.8297660625142756, 0.4463616990640533, -0.33503658771574;
 -0.1662331634229393, -0.3753982146687164, -0.9118348072989662]

第18幅图像的平移向量：
[-22.46197013163858;
 -32.54781228871749;
 107.6059121200211]

第19幅图像的旋转向量：
[-1.508883935640498;
 -2.548150839526321;
 -0.3715509631991265]
第19幅图像的旋转矩阵：
[-0.4796716724985708, 0.8774079974563518, -0.008384068347682377;
 0.8384812430899131, 0.4611647354930146, 0.2903037921282666;
 0.2585813055671617, 0.1322206214525276, -0.9568978083755284]

第19幅图像的平移向量：
[-14.43795925404374;
 -19.31645419510071;
 83.41105849611053]

第20幅图像的旋转向量：
[0.9872385072731032;
 2.889069143461795;
 -0.1483108522650242]
第20幅图像的旋转矩阵：
[-0.7881463592829012, 0.6135450668069189, 0.04886478635992814;
 0.6053160385566114, 0.7870484713994657, -0.1189419906252431;
 -0.1114352269941556, -0.06416505797283946, -0.9916980566281771]

第20幅图像的平移向量：
[-9.620467217523947;
 -28.95711852037515;
 111.6854748453924]


